7.57 0.00
12.30 0.10
14.47 0.20
16.06 0.30
17.18 0.40
18.30 0.50
18.87 0.55
19.36 0.60
19.75 0.65
20.21 0.70
20.67 0.75
20.93 0.77
21.16 0.80
21.43 0.82
21.70 0.85
21.97 0.87
22.20 0.88
22.34 0.90
22.57 0.91
22.77 0.92
23.03 0.93
23.19 0.94
23.34 0.95
23.51 0.95
23.70 0.96
23.93 0.96
24.00 0.97
24.13 0.97
24.28 0.97
24.49 0.98
24.62 0.98
24.69 0.98
24.82 0.98
24.88 0.98
24.95 0.99
25.06 0.99
25.11 0.99
25.24 0.99
25.26 0.99
25.31 0.99
25.42 0.99
25.47 0.99
25.55 0.99
25.64 0.99
25.67 0.99
25.98 0.99
25.98 0.99
26.13 0.99
26.14 0.99
26.14 0.99
26.70 0.99
26.70 0.99
26.80 0.99
26.80 0.99
26.80 0.99
27.27 0.99
27.27 0.99
27.27 0.99
27.27 0.99
27.27 0.99
27.47 0.99
27.47 1.00