5.79 0.00
11.36 0.10
15.32 0.20
18.10 0.30
21.23 0.40
24.03 0.50
25.16 0.55
26.27 0.60
27.41 0.65
28.72 0.70
29.85 0.75
30.42 0.77
31.11 0.80
31.75 0.82
32.47 0.85
33.19 0.87
33.61 0.88
34.01 0.90
34.57 0.91
35.02 0.92
35.35 0.93
35.65 0.94
36.04 0.95
36.33 0.95
36.60 0.96
37.12 0.96
37.45 0.97
37.68 0.97
37.91 0.97
38.01 0.98
38.24 0.98
38.43 0.98
38.50 0.98
38.76 0.98
38.83 0.99
39.25 0.99
39.28 0.99
39.35 0.99
39.58 0.99
39.71 0.99
39.81 0.99
39.81 0.99
39.94 0.99
39.97 0.99
40.00 0.99
40.07 0.99
40.07 0.99
40.20 0.99
40.20 0.99
40.27 0.99
40.27 0.99
40.27 0.99
40.40 0.99
40.40 0.99
40.40 0.99
40.40 0.99
40.40 0.99
40.63 0.99
40.63 1.00