6.97 0.00
12.12 0.10
14.05 0.20
15.72 0.30
17.18 0.40
18.49 0.50
19.08 0.55
19.72 0.60
20.52 0.65
21.26 0.70
22.02 0.75
22.36 0.77
22.79 0.80
23.21 0.82
23.65 0.85
24.08 0.87
24.31 0.88
24.59 0.90
24.83 0.91
25.14 0.92
25.52 0.93
25.77 0.94
26.01 0.95
26.29 0.95
26.47 0.96
26.77 0.96
27.06 0.97
27.31 0.97
27.42 0.97
27.54 0.98
27.67 0.98
27.73 0.98
27.77 0.98
27.90 0.98
28.01 0.99
28.18 0.99
28.31 0.99
28.45 0.99
28.54 0.99
28.85 0.99
29.11 0.99
29.13 0.99
29.14 0.99
29.22 0.99
29.40 0.99
29.40 0.99
29.57 0.99
29.57 0.99
29.60 0.99
29.60 0.99
29.60 0.99
30.01 0.99
30.01 0.99
30.01 0.99
30.39 0.99
30.39 0.99
30.39 0.99
30.39 0.99
30.39 0.99
31.57 0.99
31.57 1.00