8.04 0.00
12.34 0.10
14.48 0.20
15.90 0.30
17.20 0.40
18.41 0.50
19.00 0.55
19.43 0.60
19.85 0.65
20.29 0.70
20.82 0.75
21.13 0.77
21.41 0.80
21.65 0.82
21.97 0.85
22.33 0.87
22.54 0.88
22.70 0.90
22.88 0.91
23.11 0.92
23.36 0.93
23.44 0.94
23.62 0.95
23.77 0.95
23.93 0.96
24.06 0.96
24.21 0.97
24.33 0.97
24.42 0.97
24.55 0.98
24.67 0.98
24.75 0.98
24.85 0.98
24.92 0.98
25.10 0.99
25.26 0.99
25.32 0.99
25.46 0.99
25.49 0.99
25.59 0.99
25.77 0.99
25.88 0.99
25.96 0.99
25.98 0.99
26.00 0.99
26.24 0.99
26.24 0.99
26.36 0.99
26.52 0.99
26.52 0.99
26.78 0.99
26.78 0.99
27.14 0.99
27.14 0.99
27.14 0.99
27.77 0.99
27.77 0.99
27.77 0.99
27.77 0.99
27.77 0.99
27.96 0.99
27.96 1.00