5.38 0.00
27.31 0.10
47.51 0.20
68.74 0.30
89.98 0.40
109.64 0.50
122.15 0.55
132.05 0.60
141.42 0.65
151.12 0.70
162.26 0.75
166.19 0.77
171.70 0.80
178.12 0.82
183.63 0.85
189.53 0.87
191.62 0.88
193.46 0.90
196.21 0.91
198.96 0.92
201.19 0.93
203.29 0.94
204.99 0.95
207.88 0.95
210.37 0.96
211.68 0.96
213.12 0.97
214.04 0.97
215.35 0.97
216.92 0.98
218.62 0.98
219.41 0.98
219.93 0.98
220.98 0.98
222.16 0.99
223.08 0.99
223.21 0.99
223.60 0.99
224.00 0.99
224.00 0.99
224.65 0.99
224.78 0.99
224.78 0.99
224.91 0.99
225.05 0.99
225.05 0.99
225.05 0.99
225.05 0.99
225.05 0.99
225.96 0.99
225.96 0.99
225.96 0.99
225.96 0.99
225.96 0.99
226.23 0.99
226.23 1.00