7.11 0.00
31.88 0.10
51.97 0.20
72.67 0.30
93.45 0.40
119.40 0.50
131.20 0.55
144.44 0.60
156.89 0.65
168.95 0.70
178.78 0.75
184.54 0.77
190.05 0.80
195.82 0.82
202.11 0.85
206.17 0.87
208.27 0.88
211.55 0.90
214.30 0.91
216.53 0.92
219.67 0.93
220.85 0.94
222.69 0.95
224.00 0.95
225.18 0.96
226.88 0.96
227.93 0.97
228.72 0.97
229.24 0.97
230.81 0.98
231.60 0.98
232.25 0.98
232.65 0.98
233.70 0.98
234.09 0.99
235.92 0.99
237.24 0.99
237.24 0.99
237.37 0.99
237.63 0.99
237.76 0.99
239.33 0.99
239.33 0.99
239.99 0.99
239.99 0.99
242.22 0.99
242.22 0.99
242.22 0.99
242.22 0.99
242.22 0.99
242.22 0.99
242.22 0.99
242.22 0.99
243.26 0.99
243.26 1.00