7.45 0.00
36.73 0.10
59.17 0.20
78.64 0.30
103.41 0.40
124.25 0.50
135.13 0.55
148.24 0.60
159.64 0.65
170.39 0.70
184.41 0.75
190.84 0.77
197.26 0.80
205.52 0.82
213.77 0.85
218.49 0.87
219.41 0.88
222.82 0.90
226.36 0.91
232.91 0.92
234.61 0.93
235.92 0.94
237.24 0.95
240.38 0.95
242.08 0.96
243.92 0.96
243.92 0.97
244.44 0.97
245.10 0.97
246.28 0.98
247.46 0.98
247.46 0.98
247.72 0.98
250.47 0.98
251.13 0.99
255.59 0.99
255.59 0.99
255.85 0.99
256.37 0.99
256.37 0.99
257.42 0.99
257.42 0.99
257.42 0.99
257.42 0.99
257.42 0.99
265.68 0.99
265.68 0.99
265.68 0.99
265.68 0.99
265.68 0.99
266.60 0.99
266.60 1.00