6.58  0.00
32.11 0.10
55.41 0.20
80.54 0.30
101.90 0.40
126.28 0.50
140.77 0.55
149.29 0.60
165.28 0.65
176.55 0.70
184.68 0.75
191.88 0.77
197.91 0.80
207.48 0.82
213.51 0.85
217.57 0.87
222.03 0.88
225.96 0.90
228.45 0.91
232.39 0.92
233.83 0.93
241.30 0.94
243.26 0.95
245.36 0.95
246.93 0.96
249.03 0.96
250.47 0.97
251.00 0.97
251.92 0.97
252.96 0.98
253.62 0.98
255.98 0.98
256.24 0.98
257.55 0.98
257.81 0.99
257.94 0.99
258.34 0.99
259.65 0.99
260.04 0.99
260.04 0.99
261.09 0.99
261.09 0.99
262.01 0.99
262.01 0.99
262.01 0.99
264.37 0.99
264.37 0.99
264.37 0.99
264.37 0.99
264.37 0.99
265.55 0.99
265.55 1.00